001700509573024106800501002700295018009400305652800007465080071000159004908007053
029650178705180600100900500257800309600219005900007046573400021800020453010395000
008203500009670408346050702430010059967005001000496203280034067703500904004107020
800005216045862007670009500769204030020001765001670009004096800907400601306107940
700020548052008000430957106900061700041030695307509001083075469200080350074306000
705002030230100056090536720406081205809004000300095648040053180523000069001429003
740680900060100080012054736307800120008401570490720060209500040500069308106047205
460020905920145680005300004008964302200500800356200490090070003630850710017609208
437205610082060050000301028091807000703950186040006207200798045004003072379002060
002905047507023006036010950610204008005800004048590213200300701870002039069147020
096040001100060004504810390007950043030080000405023018010630059059070830003590007
105802000090076405200400819019007306762083090000061050007600030430020501600308900
005030081902850060600004050007402830349760005008300490150087002090000600026049503
340910020096080041008020070060057039102060700970030064450208006080090050603001890
007300405000020900253064870090740360000030080836209047100802603600000018082610004
935007008000308070600500490073004000400175080061800247018700000006080750750403862
005020001087350046400060500050900000070035410693140857741500608000284005500000304
007500030800230009034790860003004198048150003006023007351060780400310006070005002
058004021060853007039020005800001006003700210106082500670200180900400050080916702
020100006530082940800340005354276100006030004900001620090003078743809000005004301
'easy'
290500007700000400004738012902003064800050070500067200309004005000080700087005109
080020000040500320020309046600090004000640501134050700360004002407230600000700450
608730000200000460000064820080005701900618004031000080860200039050000100100456200
902040560000009000061250470040030102600480090003070080500008000306500947100360005
020001630090500400806049002900005701000900300352076800009004506080050000045600018
034060901700012680080009000023050790007020005500078030010590000000000413078130020
020604030450100206600005100004003000095201380200500907510000603807352000000000058
032054900090001004080700031005600027800070000270140005000210300018907652603000000
009000700080034065500027001400380096300400017908006000610009308023501070000060040
710480060090050070004030908000040090080300020630208045000500000027001059560970201
370000001000700005408061090000010000050090460086002030000000000694005203800149500
000689100800000029150000008403000050200005000090240801084700910500000060060410000
030500804504200010008009000790806103000005400050000007800000702000704600610300500
000013800807000020004090007030000050002340008070006004109027006080100005003800012
400000020063407100500083060008000940030900008600802030000700504005000000807510200
102030000000800904800609035305080740010070002000200300043702006600001200000000007
206000005300000060000627010007230150004060000002900870600071090080050640003000001
000803007009000300706090850020000080070600000400082579040031200502000060003020005
708000309309180200000700008270600001000200803800010000005006000100307650037000002
010003450000040002680500009070021960360000000000086730000000040023060801800059000
'medium'
084000300600003070002000900001805000263710005000000000000000090056300180010060020
060001050700090000000000278000780040005603900040025000429000000000050006050400090
000370480000008352300000000510007000640000025000600018000000006123700000067024000
006001040097000608500008000000690500700000003009042000000100007801000230060700100
000408100081600003000000060906705000305000807000302604050000000100003780003509000
205839000090000700300000020040300007020040090700001030010000008002000060000926104
408200010020005060070900800000000408010050070205000000007006040050700090030001507
501087000020060070006009003000300007052000480100002000400800500010070090000910708
489010000000000900075039000050900100001306700003008060000560210002000000000080345
500000000020061900317500004000620010000050000060043000800006742009280060000000005
'hard'